1 0 3
2 0 1
3 0 1
4 0 3
5 0 1
6 0 4
7 0 4
8 8 2
9 17 1
10 26 1
11 32 1
12 40 1
13 45 1
14 45 4
15 49 1
16 52 3
17 55 1
18 60 1
19 61 3
20 63 4
21 68 1
22 69 1
23 71 1
24 75 1
25 83 4
26 89 3
27 93 2
28 101 1
29 101 1
30 108 2
31 114 1
32 121 1
33 122 4
34 130 1
35 134 4
36 143 2
37 150 1
38 153 1
39 162 1
40 164 1
41 166 2
42 167 1
43 173 4
44 180 1
45 182 1
46 187 3
47 194 1
48 198 2
49 205 1
50 209 4
51 216 2
52 217 1
53 219 1
54 221 1
55 222 2
56 222 1
57 231 1
58 237 4
59 246 1
60 248 1
61 250 1
62 252 1
-1
