1 0 3
2 0 2
3 0 1
4 0 2
5 0 4
6 0 1
7 0 2
8 3 1
9 12 1
10 16 2
11 18 1
12 27 1
13 27 4
14 29 1
15 31 4
16 31 1
17 33 1
18 42 1
19 47 2
20 56 2
21 64 1
22 67 3
23 75 1
24 80 3
25 80 4
26 86 4
27 89 1
28 92 1
29 98 1
30 105 1
31 105 1
32 105 4
33 106 1
34 107 1
35 107 2
36 111 4
37 111 2
38 118 1
39 123 3
40 128 3
41 131 4
42 135 1
43 135 1
44 139 1
45 145 4
46 146 3
47 154 3
48 155 3
49 156 1
50 157 1
51 165 1
52 172 1
53 175 1
54 183 1
55 192 3
56 192 2
57 195 2
58 204 1
59 208 1
60 212 1
61 215 2
62 219 3
63 227 1
64 233 1
65 241 2
66 244 1
67 245 4
68 251 2
-1
