10
34907
34908
34909
34910
34911
34912
34913
34914
34915
34916
34917
34919
34918
34920
34921
34923
34922
34925
34924
34928
34929
34926
34927
34930
34932
34934
34936
34935
34937
34933
34938
34940
34942
34931
34945
34944
34943
34941
34948
34947
34951
34952
34939
34953
34946
34954
34949
34950
34956
34957
34955
34958
34959
34960
34961
34962
34963
34964
34965
34966
34967
34969
34971
34968
34975
34977
34979
34978
34980
34981
34970
34982
34972
34974
34973
34987
34988
34989
34990
34984
34983
34991
34992
34993
34986
34976
34995
34985
34997
34996
34998
34994
35001
35002
35003
35004
35006
34999
35009
35008
35010
35013
35007
35011
35000
35005
35014
35015
35016
35019
35020
35021
35022
35018
35012
35023
35024
35027
35017
35025
35028
35029
35030
35031
35032
35026
35035
35036
35037
35034
35033
35038
35040
35039
35044
35042
35045
35041
35049
35043
35047
35050
35051
35048
35053
35054
35046
35056
35057
35058
35059
35060
35052
35061
35062
35055
35064
35065
35063
35068
35066
35069
35075
35077
35073
35078
35079
35067
35080
35081
35071
35082
35083
35084
35085
35086
35076
35072
35087
35070
35074
35089
35090
35091
35088
35094
35095
35096
35098
35097
35099
35100
35102
35103
35092
35104
35105
35106
35107
35109
35101
35111
35110
35112
35114
35116
35119
35115
35120
35093
35130
35132
35135
35118
35139
35113
35143
35108
35136
35124
35151
35125
35149
35152
35154
35162
35150
35133
35129
35148
35167
35158
35140
35128
35127
35170
35126
35163
35157
35138
35176
35147
35166
35161
35160
35180
35185
35169
35179
35153
35121
35183
35134
35177
35188
35178
35142
35182
35164
35117
35191
35159
35137
35174
35145
35184
35122
35186
35172
35141
35187
35165
35171
35131
35144
35156
35195
35173
35168
35181
35203
35198
35189
35207
35146
35212
35192
35199
35213
35210
35194
35202
35215
35155
35197
35225
35217
35209
35219
35221
35230
35175
35208
35222
35218
35238
35234
35235
35236
35216
35228
35237
35229
35206
35220
35123
35211
35231
35193
35246
35247
35224
35200
35248
35205
35249
35201
35196
35250
35251
35252
35204
35214
35253
35254
35255
35256
35257
35258
35259
35260
35261
35240
35262
35264
35232
35265
35266
35267
35226
35223
35268
35227
35270
35272
35273
35274
35275
35263
35277
35233
35245
35271
35242
35278
35244
35241
35276
35243
35279
35283
35239
35282
35269
35284
35285
35286
35289
35288
35190
35295
35281
35280
35287
35290
35296
35291
35292
35297
35294
35298
35293
35299
35300
35305
35301
35302
35303
35304
35310
35307
35309
35306
35308
35311
35313
35314
35312
35315
35316
35318
35319
35320
35321
35322
35317
35323
35325
35326
35329
35330
35331
35332
35333
35324
35334
35327
35328
35335
35337
35339
35336
35343
35338
35348
35349
35342
35341
35346
35350
35354
35351
35355
35353
35359
35356
35358
35360
35357
35364
35366
35369
35361
35365
35368
35362
35363
35370
35373
35372
35374
35376
35375
35383
35377
35381
35378
35380
35379
35384
35382
35387
35385
35389
35386
35388
35390
35391
35392
35396
35394
35401
35395
35393
35397
35398
35402
35400
35403
35399
35404
35405
35406
35408
35407
35410
35409
35411
35412
35413
35414
35415
35416
35417
35418
35420
35421
35419
35423
35422
35425
35424
35426
35427
35429
35428
35430
35431
35432
35434
35433
35435
35436
35437
35438
35441
35440
35439
35444
35443
35446
35442
35448
35445
35447
35449
35452
35450
35451
35456
35453
35458
35455
35457
35459
35461
35460
35462
35463
35464
35466
35465
35467
35468
35470
35471
35469
35473
35474
35475
35479
35472
35477
35476
35454
35482
35478
35481
35480
35484
35483
35486
35487
35490
35485
35489
35488
35491
35494
35492
35493
35499
35501
35502
35496
35497
35498
35500
35505
35503
35495
35504
35347
35340
35344
35506
35512
35511
35513
35509
35514
35515
35516
35352
35367
35508
35518
35507
35520
35519
35345
35521
35522
35527
35371
35517
35528
35529
35523
35525
35530
35510
35532
35526
35533
35524
35531
35536
35537
35538
35534
35543
35541
35542
35535
-1
35546
35547
35549
35540
35539
35545
35548
-1
35551
35550
35557
-1
-1
35552
35554
-1
-1
35544
-1
35555
35556
35558
35553
-1
-1
-1
-1
-1
35559
35560
35561
35563
35565
35566
35568
35569
35567
35562
-1
35564
35571
-1
-1
-1
35570
35580
35578
35579
35581
35582
35583
35584
35585
35586
35587
35588
35589
35590
35592
35591
35593
35575
35594
35596
35603
35606
35605
35576
35573
35572
35604
35600
35598
35601
35597
35599
35574
35613
35612
35616
35608
35609
35602
35610
35595
35611
35620
35614
35615
35607
35621
35617
35618
35619
35622
35630
35623
35624
35625
35631
35632
-1
35626
-1
-1
35627
-1
-1
-1
35628
35577
-1
35633
35634
-1
-1
-1
35635
-1
35636
-1
-1
-1
35637
-1
-1
-1
35638
-1
-1
-1
-1
-1
-1
35629
35639
35642
35640
35641
35644
35648
35649
35650
35651
35652
35646
35645
35653
35654
35655
35659
35656
35657
35660
35658
35664
35661
35662
35663
35665
35666
35670
35667
35671
35672
35668
35647
35674
35669
35675
35676
35682
35677
35683
35678
35673
35680
35684
35679
-1
-1
-1
-1
35687
35688
-1
35689
35681
35690
35643
35691
35695
35692
35693
35694
35696
35698
35699
35700
35697
35702
35703
35704
35705
35706
35708
35709
35707
35710
35712
35713
35716
35717
35714
35711
-1
-1
35701
35686
-1
35715
-1
-1
-1
-1
35718
35720
-1
35719
-1
-1
35722
-1
-1
-1
-1
35723
35725
35685
35727
35728
35729
35726
35730
35732
35731
35734
35735
35737
35739
35736
35738
35741
35740
35742
35743
35745
35744
35733
35747
35746
35749
35751
35748
35752
35750
35753
35755
35756
35757
35754
35761
35762
35759
35760
35758
35764
35765
35763
35766
35767
35770
35769
35775
35768
35771
35778
35772
35782
35783
35784
35776
35777
35773
35779
35780
35781
35774
35787
35789
35786
35790
35788
35791
35785
35792
35794
35793
35795
35796
35797
35801
35798
35799
35802
35800
35803
35804
35805
35806
35807
35809
35810
35808
35812
35813
35815
35816
35811
35817
35818
35819
35821
35822
35814
35824
35823
35820
35826
35825
35827
35724
35828
35829
35830
35831
35832
35833
35834
35835
35836
